02 06 09 14 20 23 25
02 06 09 14 20 23 27
02 06 09 14 20 23 31
02 06 09 14 20 25 27
02 06 09 14 20 25 31
02 06 09 14 20 27 31
02 06 09 14 23 25 27
02 06 09 14 23 25 31
02 06 09 14 23 27 31
02 06 09 14 25 27 31
02 06 09 20 23 25 27
02 06 09 20 23 25 31
02 06 09 20 23 27 31
02 06 09 20 25 27 31
02 06 09 23 25 27 31
02 06 14 20 23 25 27
02 06 14 20 23 25 31
02 06 14 20 23 27 31
02 06 14 20 25 27 31
02 06 14 23 25 27 31
02 09 14 20 23 25 27
02 09 14 20 23 25 31
02 09 14 20 23 27 31
02 09 14 20 25 27 31
02 09 14 23 25 27 31
02 09 20 23 25 27 31
06 09 14 20 23 25 27
06 09 14 20 23 25 31
06 09 14 20 23 27 31
06 09 14 20 25 27 31
06 09 14 23 25 27 31
06 09 20 23 25 27 31
09 14 20 23 25 27 31
02 06 09 20 25 27 31
02 06 14 23 25 27 31
06 09 14 20 23 25 27